// --- correspondence matrix
20 20
0.000000 1.000000 0.000000 0.000000 1.000000 1.000000 0.000000 0.000000 0.000000 0.000000 0.000000 0.000000 0.000000 0.000000 0.000000 0.000000 0.000000 0.000000 0.000000 0.000000 
0.000000 0.000000 1.000000 0.000000 0.000000 1.000000 1.000000 0.000000 0.000000 0.000000 0.000000 0.000000 0.000000 0.000000 0.000000 0.000000 0.000000 0.000000 0.000000 0.000000 
0.000000 0.000000 0.000000 1.000000 0.000000 1.000000 1.000000 1.000000 0.000000 0.000000 0.000000 0.000000 0.000000 0.000000 0.000000 0.000000 0.000000 0.000000 0.000000 0.000000 
0.000000 0.000000 0.000000 0.000000 0.000000 0.000000 1.000000 1.000000 0.000000 0.000000 0.000000 0.000000 0.000000 0.000000 0.000000 0.000000 0.000000 0.000000 0.000000 0.000000 
0.000000 0.000000 0.000000 0.000000 0.000000 1.000000 0.000000 0.000000 1.000000 0.000000 0.000000 0.000000 0.000000 0.000000 0.000000 0.000000 0.000000 0.000000 0.000000 0.000000 
0.000000 0.000000 0.000000 0.000000 0.000000 0.000000 1.000000 0.000000 0.000000 1.000000 1.000000 0.000000 0.000000 0.000000 0.000000 0.000000 0.000000 0.000000 0.000000 0.000000 
0.000000 0.000000 0.000000 0.000000 0.000000 0.000000 0.000000 1.000000 0.000000 1.000000 1.000000 1.000000 0.000000 0.000000 0.000000 0.000000 0.000000 0.000000 0.000000 0.000000 
0.000000 0.000000 0.000000 0.000000 0.000000 0.000000 0.000000 0.000000 0.000000 0.000000 1.000000 1.000000 0.000000 0.000000 0.000000 0.000000 0.000000 0.000000 0.000000 0.000000 
0.000000 0.000000 0.000000 0.000000 0.000000 0.000000 0.000000 0.000000 0.000000 1.000000 0.000000 0.000000 1.000000 0.000000 0.000000 0.000000 0.000000 0.000000 0.000000 0.000000 
0.000000 0.000000 0.000000 0.000000 0.000000 0.000000 0.000000 0.000000 0.000000 0.000000 1.000000 0.000000 0.000000 1.000000 0.000000 0.000000 0.000000 0.000000 0.000000 0.000000 
0.000000 0.000000 0.000000 0.000000 0.000000 0.000000 0.000000 0.000000 0.000000 0.000000 0.000000 1.000000 0.000000 0.000000 1.000000 1.000000 0.000000 0.000000 0.000000 0.000000 
0.000000 0.000000 0.000000 0.000000 0.000000 0.000000 0.000000 0.000000 0.000000 0.000000 0.000000 0.000000 0.000000 0.000000 1.000000 1.000000 0.000000 0.000000 0.000000 0.000000 
0.000000 0.000000 0.000000 0.000000 0.000000 0.000000 0.000000 0.000000 0.000000 0.000000 0.000000 0.000000 0.000000 1.000000 0.000000 0.000000 1.000000 1.000000 0.000000 0.000000 
0.000000 0.000000 0.000000 0.000000 0.000000 0.000000 0.000000 0.000000 0.000000 0.000000 0.000000 0.000000 0.000000 0.000000 1.000000 0.000000 1.000000 1.000000 0.000000 0.000000 
0.000000 0.000000 0.000000 0.000000 0.000000 0.000000 0.000000 0.000000 0.000000 0.000000 0.000000 0.000000 0.000000 0.000000 0.000000 1.000000 0.000000 0.000000 1.000000 1.000000 
0.000000 0.000000 0.000000 0.000000 0.000000 0.000000 0.000000 0.000000 0.000000 0.000000 0.000000 0.000000 0.000000 0.000000 0.000000 0.000000 0.000000 0.000000 1.000000 1.000000 
0.000000 0.000000 0.000000 0.000000 0.000000 0.000000 0.000000 0.000000 0.000000 0.000000 0.000000 0.000000 0.000000 0.000000 0.000000 0.000000 0.000000 1.000000 0.000000 0.000000 
0.000000 0.000000 0.000000 0.000000 0.000000 0.000000 0.000000 0.000000 0.000000 0.000000 0.000000 0.000000 0.000000 0.000000 0.000000 0.000000 0.000000 0.000000 1.000000 0.000000 
0.000000 0.000000 0.000000 0.000000 0.000000 0.000000 0.000000 0.000000 0.000000 0.000000 0.000000 0.000000 0.000000 0.000000 0.000000 0.000000 0.000000 0.000000 0.000000 1.000000 
0.000000 0.000000 0.000000 0.000000 0.000000 0.000000 0.000000 0.000000 0.000000 0.000000 0.000000 0.000000 0.000000 0.000000 0.000000 0.000000 0.000000 0.000000 0.000000 0.000000 
// --- image file names
data/elevation/elevation_0000_0.png
data/elevation/elevation_0001_1.png
data/elevation/elevation_0002_2.png
data/elevation/elevation_0003_3.png
data/elevation/elevation_0004_4.png
data/elevation/elevation_0005_5.png
data/elevation/elevation_0006_6.png
data/elevation/elevation_0007_7.png
data/elevation/elevation_0008_8.png
data/elevation/elevation_0009_9.png
data/elevation/elevation_0010_10.png
data/elevation/elevation_0011_11.png
data/elevation/elevation_0012_12.png
data/elevation/elevation_0013_13.png
data/elevation/elevation_0014_14.png
data/elevation/elevation_0015_15.png
data/elevation/elevation_0016_16.png
data/elevation/elevation_0017_17.png
data/elevation/elevation_0018_18.png
data/elevation/elevation_0019_19.png
// --- 0 & 1 correspondence
0 1
4 2
1 1
1 2238
3242 1
3242 2238
// --- 1 & 0 correspondence
1 0
4 2
1 -966
1 1271
3242 -966
3242 1271
// --- 0 & 4 correspondence
0 4
4 2
1 1
1 2238
3242 1
3242 2238
// --- 4 & 0 correspondence
4 0
4 2
-1446 1
-1446 2238
1795 1
1795 2238
// --- 0 & 5 correspondence
0 5
4 2
1 1
1 2238
3242 1
3242 2238
// --- 5 & 0 correspondence
5 0
4 2
-1446 -966
-1446 1271
1795 -966
1795 1271
// --- 1 & 2 correspondence
1 2
4 2
1 1
1 2236
3242 1
3242 2236
// --- 2 & 1 correspondence
2 1
4 2
1 -966
1 1269
3242 -966
3242 1269
// --- 1 & 5 correspondence
1 5
4 2
1 1
1 2236
3242 1
3242 2236
// --- 5 & 1 correspondence
5 1
4 2
-1446 1
-1446 2236
1795 1
1795 2236
// --- 1 & 6 correspondence
1 6
4 2
1 1
1 2236
3242 1
3242 2236
// --- 6 & 1 correspondence
6 1
4 2
-1446 -966
-1446 1269
1795 -966
1795 1269
// --- 2 & 3 correspondence
2 3
4 2
1 1
1 2238
3242 1
3242 2238
// --- 3 & 2 correspondence
3 2
4 2
1 -632
1 1605
3242 -632
3242 1605
// --- 2 & 5 correspondence
2 5
4 2
1 1
1 2236
3242 1
3242 2236
// --- 5 & 2 correspondence
5 2
4 2
-1446 967
-1446 3202
1795 967
1795 3202
// --- 2 & 6 correspondence
2 6
4 2
1 1
1 2236
3242 1
3242 2236
// --- 6 & 2 correspondence
6 2
4 2
-1446 1
-1446 2236
1795 1
1795 2236
// --- 2 & 7 correspondence
2 7
4 2
1 1
1 2238
3242 1
3242 2238
// --- 7 & 2 correspondence
7 2
4 2
-1446 -632
-1446 1605
1795 -632
1795 1605
// --- 3 & 6 correspondence
3 6
4 2
1 1
1 2238
3242 1
3242 2238
// --- 6 & 3 correspondence
6 3
4 2
-1446 633
-1446 2870
1795 633
1795 2870
// --- 3 & 7 correspondence
3 7
4 2
1 1
1 2238
3242 1
3242 2238
// --- 7 & 3 correspondence
7 3
4 2
-1446 1
-1446 2238
1795 1
1795 2238
// --- 4 & 5 correspondence
4 5
4 2
1 1
1 2238
3240 1
3240 2238
// --- 5 & 4 correspondence
5 4
4 2
1 -966
1 1271
3240 -966
3240 1271
// --- 4 & 8 correspondence
4 8
4 2
1 1
1 2238
3240 1
3240 2238
// --- 8 & 4 correspondence
8 4
4 2
-1427 1
-1427 2238
1812 1
1812 2238
// --- 5 & 6 correspondence
5 6
4 2
1 1
1 2236
3240 1
3240 2236
// --- 6 & 5 correspondence
6 5
4 2
1 -966
1 1269
3240 -966
3240 1269
// --- 5 & 9 correspondence
5 9
4 2
1 1
1 2236
3240 1
3240 2236
// --- 9 & 5 correspondence
9 5
4 2
-1427 1
-1427 2236
1812 1
1812 2236
// --- 5 & 10 correspondence
5 10
4 2
1 1
1 2236
3240 1
3240 2236
// --- 10 & 5 correspondence
10 5
4 2
-1427 -966
-1427 1269
1812 -966
1812 1269
// --- 6 & 7 correspondence
6 7
4 2
1 1
1 2238
3240 1
3240 2238
// --- 7 & 6 correspondence
7 6
4 2
1 -632
1 1605
3240 -632
3240 1605
// --- 6 & 9 correspondence
6 9
4 2
1 1
1 2236
3240 1
3240 2236
// --- 9 & 6 correspondence
9 6
4 2
-1427 967
-1427 3202
1812 967
1812 3202
// --- 6 & 10 correspondence
6 10
4 2
1 1
1 2236
3240 1
3240 2236
// --- 10 & 6 correspondence
10 6
4 2
-1427 1
-1427 2236
1812 1
1812 2236
// --- 6 & 11 correspondence
6 11
4 2
1 1
1 2238
3240 1
3240 2238
// --- 11 & 6 correspondence
11 6
4 2
-1427 -632
-1427 1605
1812 -632
1812 1605
// --- 7 & 10 correspondence
7 10
4 2
1 1
1 2238
3240 1
3240 2238
// --- 10 & 7 correspondence
10 7
4 2
-1427 633
-1427 2870
1812 633
1812 2870
// --- 7 & 11 correspondence
7 11
4 2
1 1
1 2238
3240 1
3240 2238
// --- 11 & 7 correspondence
11 7
4 2
-1427 1
-1427 2238
1812 1
1812 2238
// --- 8 & 9 correspondence
8 9
4 2
1 1
1 2238
3240 1
3240 2238
// --- 9 & 8 correspondence
9 8
4 2
1 -966
1 1271
3240 -966
3240 1271
// --- 8 & 12 correspondence
8 12
4 2
1 1
1 2238
3240 1
3240 2238
// --- 12 & 8 correspondence
12 8
4 2
-1495 1
-1495 2238
1744 1
1744 2238
// --- 9 & 10 correspondence
9 10
4 2
1 1
1 2236
3240 1
3240 2236
// --- 10 & 9 correspondence
10 9
4 2
1 -966
1 1269
3240 -966
3240 1269
// --- 9 & 13 correspondence
9 13
4 2
1 1
1 2236
3240 1
3240 2236
// --- 13 & 9 correspondence
13 9
4 2
-1495 1
-1495 2236
1744 1
1744 2236
// --- 10 & 11 correspondence
10 11
4 2
1 1
1 2238
3240 1
3240 2238
// --- 11 & 10 correspondence
11 10
4 2
1 -632
1 1605
3240 -632
3240 1605
// --- 10 & 14 correspondence
10 14
4 2
1 1
1 2236
3240 1
3240 2236
// --- 14 & 10 correspondence
14 10
4 2
-1495 1
-1495 2236
1744 1
1744 2236
// --- 10 & 15 correspondence
10 15
4 2
1 1
1 2238
3240 1
3240 2238
// --- 15 & 10 correspondence
15 10
4 2
-1495 -632
-1495 1605
1744 -632
1744 1605
// --- 11 & 14 correspondence
11 14
4 2
1 1
1 2238
3240 1
3240 2238
// --- 14 & 11 correspondence
14 11
4 2
-1495 633
-1495 2870
1744 633
1744 2870
// --- 11 & 15 correspondence
11 15
4 2
1 1
1 2238
3240 1
3240 2238
// --- 15 & 11 correspondence
15 11
4 2
-1495 1
-1495 2238
1744 1
1744 2238
// --- 12 & 13 correspondence
12 13
4 2
1 1
1 2238
3240 1
3240 2238
// --- 13 & 12 correspondence
13 12
4 2
1 -966
1 1271
3240 -966
3240 1271
// --- 12 & 16 correspondence
12 16
4 2
1 1
1 2238
3242 1
3242 2238
// --- 16 & 12 correspondence
16 12
4 2
-1377 1
-1377 2238
1864 1
1864 2238
// --- 12 & 17 correspondence
12 17
4 2
1 1
1 2238
3242 1
3242 2238
// --- 17 & 12 correspondence
17 12
4 2
-1377 -966
-1377 1271
1864 -966
1864 1271
// --- 13 & 14 correspondence
13 14
4 2
1 1
1 2236
3240 1
3240 2236
// --- 14 & 13 correspondence
14 13
4 2
1 -966
1 1269
3240 -966
3240 1269
// --- 13 & 16 correspondence
13 16
4 2
1 1
1 2238
3242 1
3242 2238
// --- 16 & 13 correspondence
16 13
4 2
-1377 967
-1377 3204
1864 967
1864 3204
// --- 13 & 17 correspondence
13 17
4 2
1 1
1 2236
3242 1
3242 2236
// --- 17 & 13 correspondence
17 13
4 2
-1377 1
-1377 2236
1864 1
1864 2236
// --- 14 & 15 correspondence
14 15
4 2
1 1
1 2238
3240 1
3240 2238
// --- 15 & 14 correspondence
15 14
4 2
1 -632
1 1605
3240 -632
3240 1605
// --- 14 & 18 correspondence
14 18
4 2
1 1
1 2236
3242 1
3242 2236
// --- 18 & 14 correspondence
18 14
4 2
-1377 1
-1377 2236
1864 1
1864 2236
// --- 14 & 19 correspondence
14 19
4 2
1 1
1 2238
3242 1
3242 2238
// --- 19 & 14 correspondence
19 14
4 2
-1377 -632
-1377 1605
1864 -632
1864 1605
// --- 15 & 18 correspondence
15 18
4 2
1 1
1 2238
3242 1
3242 2238
// --- 18 & 15 correspondence
18 15
4 2
-1377 633
-1377 2870
1864 633
1864 2870
// --- 15 & 19 correspondence
15 19
4 2
1 1
1 2238
3242 1
3242 2238
// --- 19 & 15 correspondence
19 15
4 2
-1377 1
-1377 2238
1864 1
1864 2238
// --- 16 & 17 correspondence
16 17
4 2
1 1
1 2238
3242 1
3242 2238
// --- 17 & 16 correspondence
17 16
4 2
1 -966
1 1271
3242 -966
3242 1271
// --- 17 & 18 correspondence
17 18
4 2
1 1
1 2236
3242 1
3242 2236
// --- 18 & 17 correspondence
18 17
4 2
1 -966
1 1269
3242 -966
3242 1269
// --- 18 & 19 correspondence
18 19
4 2
1 1
1 2238
3242 1
3242 2238
// --- 19 & 18 correspondence
19 18
4 2
1 -632
1 1605
3242 -632
3242 1605
// --- domain
0
// --- output name
data/elevation/mosaic.jpg
// -- options
gpu true
feathering inner
contrast false
